PC  BR  IR  TOS(BE) S[TOS]BE EA(BE) (EA)BE TOS(AE) S[TOS]AE EA(AE)(EA)AE
HEX HEX  HEX   HEX    HEX      HEX    HEX     HEX     HEX      HEX  HEX
19   0	0	0	0	0	0	0	0	0  0
1a   0	13	1	2	21	10	0	0	0  0
1b   0	13	2	0	1	13	1	2	21  10
1c   0	d	3	1	1	13	2	0	1  13
28   0	c028	2	0	28	dc22	3	1	1  13
29   0	dc22	1	2	32	0	2	0	28  dc22
38   0	bc08	1	2	38	13	1	2	32  0
39   0	13	2	0	1	13	1	2	38  13
3a   0	d	3	1	1	13	2	0	1  13
2d   0	c02d	2	0	2d	dc20	3	1	1  13
2e   0	dc20	1	2	30	0	2	0	2d  dc20
2f   0	dc1e	0	0	46	2	1	2	30  0
3d   0	bc0d	0	0	3d	d820	0	0	46  2
3e   0	d820	1	0	30	0	0	0	3d  d820
3f   0	d822	2	0	32	0	1	0	30  0
48   0	d	3	1	32	0	2	0	32  0
52   0	c032	2	0	52	dc22	3	1	32  0
53   0	dc22	1	0	32	0	2	0	52  dc22
54   0	dc20	0	0	30	0	1	0	32  0
4b   0	bc13	0	0	4b	d822	0	0	30  0
4c   0	d822	1	0	32	0	0	0	4b  d822
4d   0	d820	2	0	30	0	1	0	32  0
4e   0	d81e	3	2	46	2	2	0	30  0
